4.8912240679528e-07	0.00220643117705351	0.0313625287237133	0.0382645350060015	0.0966026535868813	0.831563362383943	0	0
3.24214056494948e-07	0.0019507959779301	0.0278914868521474	0.0353523007202091	0.0903289540660009	0.844476138169656	0	0
2.86376141889069e-07	0.00175978139190833	0.0238262086290286	0.0318879833993478	0.0881468628495973	0.854378877353976	0	0
2.15245632935165e-07	0.00129922264039665	0.020234596215336	0.0238963549228291	0.0459355705246935	0.107536287723142	0.801097752727969	0
2.39123011572597e-07	0.00127046056048521	0.019763038660452	0.0233125806442357	0.0448829110261534	0.105026891773881	0.805743878211781	0
2.04016513912702e-07	0.00242861258161681	0.0182613141438121	0.0221586416090864	0.0414583998087141	0.0983902280986232	0.817302599741633	0
3.3815039847643e-07	0.00283302403843553	0.02496226241553	0.0300375617462628	0.0529621298605738	0.111999131629777	0.777205552159023	0
2.93641515977182e-07	0.00250329392370547	0.0220386766986354	0.0262494960377482	0.0487306905009612	0.109738239143412	0.790739310054021	0
3.03421256722298e-07	0.00270348339739567	0.0228166716630034	0.0275460987915338	0.050165243216411	0.11053757750896	0.786230622001439	0
2.08319315179416e-07	0.00197111736022763	0.020641944302498	0.0245279328078548	0.0462166816691293	0.106791980456315	0.79985013508466	0
2.67070477228236e-07	0.0018633507196214	0.0195255225901563	0.0232663787646922	0.0440968077065857	0.102851778555843	0.808395894592624	0
2.99871475085778e-07	0.00208830495249736	0.0204905177640863	0.0245873618567082	0.045628443649052	0.104731312159608	0.802473759746573	0
2.50326300332483e-07	0.00247772972069092	0.0222462479842475	0.0273343803648055	0.0505456362368347	0.112570986280617	0.784824769086504	0
1.95803385205566e-07	0.00188871945369289	0.0174030048770707	0.0211647795136401	0.0394880603011769	0.0864904671163879	0.229968334676545	0.603596438258102
2.00765639844109e-07	0.00204841182332945	0.0169281572203756	0.0206144151335533	0.0383791627751593	0.0851469162799251	0.230816642347255	0.606066093654762
2.04489443028014e-07	0.00205164258190007	0.017511248964261	0.0214484887003224	0.0395347619783781	0.0865376829055823	0.23094301533589	0.601972955044223
1.92699985007941e-07	0.00182930095768039	0.0159474653592872	0.0195852556762671	0.0368319043344778	0.0835340946010474	0.232869453082757	0.609402333288498
1.92928923441173e-07	0.00183706920900685	0.0154975945621825	0.0193349508494275	0.0364778432707163	0.083057252043889	0.23084601648076	0.612949080655094
1.96751978980593e-07	0.00184691082669082	0.0153757736533753	0.0192348669691007	0.0361594722010113	0.082685412670552	0.225284163964442	0.619413202962849
1.97198091201356e-07	0.00286528826515571	0.0172051390611359	0.0215363979362825	0.0386884907108853	0.0850679041767147	0.22582415491251	0.608812427739225
1.8629904648422e-07	0.00212064204612988	0.0153108008362592	0.0196258593509267	0.0365371552955318	0.0835182351369689	0.227898319470821	0.614988801564316
2.02316196746836e-07	0.00239319829131833	0.0156556319366637	0.0203979235884095	0.0373214711300857	0.0846347322689074	0.229992243197017	0.609604597271402
2.02428740022793e-07	0.00241760644209222	0.0146106991686252	0.0194003655863045	0.0354110619209273	0.0822611695118026	0.228908241076435	0.616990653865073
1.93696233557369e-07	0.00281556845098991	0.0152578397097811	0.0204905434593334	0.0369245066992748	0.0840209711038148	0.230071417738275	0.610418959142298
1.89401795263857e-07	0.00266242103602403	0.0143166923021997	0.0196074420511002	0.0358797078893992	0.0833661471943628	0.232049018699829	0.61211838142529
2.00475045668215e-07	0.00338161307033146	0.0151887913600067	0.0211495158928597	0.0375822549112377	0.0865839693738282	0.234564824808867	0.601548830107823
1.94572099956357e-07	0.00348361887761862	0.0146004958086251	0.0206773716344621	0.0367478596582575	0.0851640135787977	0.234312283939844	0.605014161930295
1.91291090521813e-07	0.00400773963752251	0.0149987518256343	0.021655873066884	0.0376460866146929	0.0866003460455828	0.237185266377626	0.597905745140967
1.84737197481293e-07	0.00393804283870872	0.0141137371503733	0.0208507332681211	0.0362493176269768	0.0848669753625237	0.238479649812168	0.60150135920393
1.95806260670217e-07	0.00412955403753489	0.0136165631732676	0.0207137568975203	0.0359063646629225	0.0850361135276867	0.243417336177223	0.597180115717584
1.87179618685168e-07	0.00420929526499206	0.0131087502353784	0.0199584012015434	0.0350095143400178	0.0834076124453482	0.237721672142918	0.606584567190183
1.89133844536897e-07	0.00464020974186824	0.0132512845497886	0.0205068370939131	0.0359568025864432	0.0854754474954045	0.240012172654234	0.600157056744503
1.97688077471585e-07	0.00529922660470332	0.0146089512370727	0.0222658058537021	0.0381794984020873	0.0883023220046204	0.242465613147364	0.588878385062373
2.03005702430181e-07	0.0051267060091718	0.0135049543541678	0.0212950951792236	0.0370355483285525	0.0876513661268745	0.244685615218932	0.590700511777376
1.85949264486982e-07	0.00517236474096989	0.0129822338494231	0.0208133011740279	0.0366496702840617	0.0871873332848626	0.245789597291537	0.591405313425853
1.95260748274334e-07	0.00556044032860822	0.0133284986772061	0.02141834673896	0.0377009452768085	0.0896055479045886	0.248117051789204	0.584268974023877
1.95630131500618e-07	0.00543421379282417	0.0131338245084255	0.0215858287097782	0.0378305635693265	0.0896919158000089	0.250125252191693	0.582198205797812
2.02709824939795e-07	0.00534201201663842	0.0128264641730655	0.0213524394100333	0.0373403660128599	0.0899543092054586	0.250025946857592	0.583158259614527
1.86894124291695e-07	0.00496203899994449	0.0121583972557962	0.0206884319825934	0.0370928768481726	0.0891567206286072	0.264668805856813	0.571272541533948
1.87205549072003e-07	0.00504631278078492	0.0122628994919616	0.0209443696246267	0.0371374624138059	0.0907308542076881	0.255948549924537	0.577929364351046
1.92590466964476e-07	0.00522960153995337	0.0125757723118463	0.0217968112796385	0.0387802090184338	0.0932675187510893	0.268748826401842	0.55960106810673
1.93572165251783e-07	0.00519547691535786	0.0126085165558402	0.0221436878439777	0.039132936071631	0.0937700347191036	0.262710722659093	0.564438431662831
1.82867676035282e-07	0.00526146877488715	0.0128623637292937	0.0224674884130469	0.0394463863975708	0.0948971689340735	0.271524851260004	0.553540089623448
1.81985343628366e-07	0.00500860062733988	0.0123891982235319	0.0222504380387221	0.0395374078153242	0.0959082779309286	0.276966224248164	0.547939671130646
1.7488363243098e-07	0.00465137997176679	0.011479536516402	0.0218608038211374	0.0403341116820867	0.100647279300354	0.285633239642342	0.535393474182279
1.74662817796814e-07	0.00467869290032325	0.0116795279632551	0.0220043711116782	0.0400157755457034	0.0995888961257516	0.281452188586239	0.540580373104232
1.69259697014987e-07	0.00488974338706595	0.0119116511774297	0.0227422406700247	0.040782954736064	0.100341210623213	0.281675386644157	0.537656643502349
1.77387462289643e-07	0.00476356291232607	0.0117817204703535	0.022826041259969	0.0415365160073559	0.102487912374851	0.285706277937417	0.530897791650266
1.66080099435477e-07	0.00463180789315602	0.0116998447649311	0.0227856914022492	0.0414735224310274	0.104348790795708	0.291423573841122	0.523636602791707
1.67236944647916e-07	0.00460687611421614	0.0115661070918499	0.0225987283302729	0.0413737511581158	0.105243714399435	0.291711068075471	0.522899587593694
1.72195609390791e-07	0.00460554376876609	0.0114461865474247	0.022752550260024	0.0423236144409437	0.10658615488754	0.294723117208902	0.51756266069079
1.7139535011271e-07	0.00458122631316261	0.0114570935736342	0.0227422776111053	0.0423535049663517	0.107155687309066	0.304299589473857	0.507410449357473
1.69690206770911e-07	0.00457230262144219	0.0115895017420397	0.0235468918523587	0.0437354448225142	0.109618855432768	0.305771740878982	0.501165092959689
1.65132203190552e-07	0.00472823037395508	0.0117379272671908	0.0236332255240223	0.0441231595603124	0.11309491766013	0.311446766166525	0.491235608315661
1.59619441711848e-07	0.00443821857679794	0.0115779962045689	0.0226260558626545	0.0447706994891061	0.11603647048852	0.310602833149319	0.489947566609592
1.68622832037326e-07	0.00449008877148993	0.0114714112634993	0.0220118558713205	0.0446626236532305	0.115289622360737	0.311277073449576	0.490797156007315
1.58106516360072e-07	0.00440848399566788	0.0113850921365724	0.0221099314608252	0.0447925247239065	0.116663003865704	0.313589096974632	0.487051708736176
1.64597728090479e-07	0.00437089266944266	0.0112360993103684	0.0220735429233017	0.0454261747915946	0.12035106061838	0.318269952783496	0.478272112305688
1.67088090679375e-07	0.0042580729028732	0.0112258133722938	0.0212399039109808	0.0461539078479104	0.122058852769828	0.32473420044255	0.470329081665474
1.61700860200066e-07	0.00438063800367999	0.011379212933999	0.0213341646913559	0.0469590617081206	0.125423595615902	0.328560462943095	0.461962702402988
1.69592361017364e-07	0.0040395204470726	0.0105886686524802	0.0200887239395898	0.0444732223837495	0.12148596148354	0.331174196454434	0.468149537046773
1.5523389712215e-07	0.00390071736688538	0.0103795592971754	0.0198567439503798	0.0439682937869806	0.120922704075138	0.33864165993469	0.462330166354854
1.54553199065757e-07	0.00380417244180454	0.0104740703006863	0.0203818576799957	0.0444451725617378	0.120787807112662	0.337476956118019	0.462629809231895
1.45816722378376e-07	0.00379327621595107	0.0108713657369198	0.0215937067835689	0.0469321328145369	0.125629563698869	0.336524289274713	0.454655519658719
1.51796158403542e-07	0.00370246009962078	0.0100766843833023	0.0194631516343437	0.0437840839299175	0.124178365343601	0.347088443424509	0.451706659388547
1.51376069017799e-07	0.00361319539138585	0.0102433158382965	0.0199218475630875	0.0450663208833581	0.127554168412537	0.350954062812592	0.442646937722674
1.51443743495491e-07	0.00366933046115226	0.0103049895261507	0.019900465114025	0.0450214989538266	0.127687520672071	0.354167852975991	0.43924819085304
1.48870401170002e-07	0.00371089248996465	0.0103595934766181	0.0197875559827144	0.0449070542537335	0.128999031151429	0.356049318977463	0.436186404797676
1.47027385614899e-07	0.00370376687102493	0.0106778638802821	0.0204678293788358	0.0463330340835945	0.130989638392026	0.357908617774964	0.429919102591887
1.42464368592932e-07	0.00358525830000973	0.0102514510352102	0.0201557164041594	0.0457678181254282	0.132635039481863	0.36138950627406	0.426215067914901
1.39623950813275e-07	0.00353862940941163	0.010256915050694	0.0196878148083766	0.0447811708724891	0.131693868902884	0.360592536122461	0.429448925209733
1.36537914599084e-07	0.00350574749524609	0.0103146202204732	0.0200003468063031	0.0452060650687817	0.133987659430203	0.364388699958342	0.422596724482736
1.50226887668446e-07	0.00355932564952848	0.0105537393124836	0.0200685094698523	0.0454914056699834	0.137174875214036	0.372568690493252	0.410583303963977
1.39676782338597e-07	0.00353996837158941	0.0104436330154569	0.0200063245647043	0.0456998686758892	0.137626885880996	0.371301114369305	0.411382065445277
1.32601303417772e-07	0.00344140162760144	0.0103120055628899	0.0199359429623449	0.0456148483757136	0.140605515895979	0.374141605462325	0.405948547511843
1.37197698590925e-07	0.00365727905133828	0.0108740151949195	0.0211602754490755	0.0473164678946409	0.141524090818291	0.371808095542282	0.403659638851754
1.39851768313729e-07	0.00362523753822848	0.0110464716237965	0.022071965482346	0.0491885240995364	0.145677992981679	0.373582112846951	0.394807555575694
1.32672658871529e-07	0.00341486156669428	0.0105377912761889	0.0204980584683101	0.0462974510398087	0.144819371481853	0.377215699739484	0.397216633755002
1.26546509069019e-07	0.00346319831369184	0.0106623026681193	0.0204094209826514	0.0463096949938074	0.144158113282663	0.380607228361907	0.39438991485065
1.3713245074888e-07	0.00360822904410454	0.0109668934837402	0.02091009322264	0.0473142609520832	0.148833277109029	0.380380734536259	0.387986374519694
1.34422459949836e-07	0.00375724217805787	0.0114545410797054	0.0220845347900785	0.0488438794698324	0.15244662991467	0.378204446614322	0.383208591530874
1.26589937973462e-07	0.00372668118400075	0.0113297994486249	0.0216225741253711	0.0482826682424582	0.150262636144314	0.380714048267731	0.384061465997563
1.25422548566119e-07	0.003796665967645	0.0115979484884576	0.0223485422388025	0.049095904100916	0.154272619454944	0.378262742178399	0.380625452148288
1.28543477710368e-07	0.00361888452797999	0.0112610513648168	0.0215474860816336	0.0484322259012794	0.153670899646235	0.379889167242649	0.381580156691928
1.24907318769473e-07	0.00348453947171199	0.011189947059282	0.0213041922893213	0.0481229177949961	0.153502101440731	0.380633444983822	0.381762732052817
1.28961503959376e-07	0.00289982837803053	0.00975993558114954	0.0184383999900958	0.0439309942467694	0.147197176465248	0.388475509952475	0.389298026424728
1.20190675294915e-07	0.00306462183866974	0.0100719785897139	0.0195845897766052	0.0444724729099232	0.14843344074774	0.386934648603931	0.387438127342742
1.33238361029591e-07	0.00311338078217846	0.010405383042967	0.0198281331733407	0.0451127769459263	0.145733454526947	0.38771576953281	0.38809096875747
1.31446532282743e-07	0.00330680041263695	0.0106245603113495	0.0201217037153099	0.0454564454544212	0.145905913726909	0.387177206750673	0.387407238182168
1.30845044400957e-07	0.00320269415180223	0.0109629828901786	0.0200234788347673	0.0447670618012548	0.145472996984807	0.38770616599421	0.387864488497936
1.28346127944918e-07	0.00303500088751347	0.0106433593520882	0.0198004705425743	0.0449854461908217	0.146463852404006	0.38748863976335	0.387583102513518
1.32965568300158e-07	0.00334727521638817	0.0112218950678284	0.0202336364593716	0.0453888604638052	0.14772354969136	0.386008751261843	0.386075898873835
1.31538620396642e-07	0.00308418603244005	0.0107247383367994	0.0198233962482555	0.0450375082376061	0.145886063877785	0.387700481299812	0.387743494428682
1.28730646312807e-07	0.00309339743089675	0.0109301329864815	0.0208619598108071	0.046506649324074	0.150079980350554	0.384251066983962	0.384276684382578
1.31074414352963e-07	0.00305573782181063	0.0108049882727721	0.0195363793104804	0.044849601284739	0.1481867034444	0.386775299393624	0.38679115939776
1.35038892551444e-07	0.00294398289651402	0.0108387616717491	0.0197929205590502	0.0449979298537772	0.148775048701777	0.386320884277881	0.386330337000359
1.37579854787215e-07	0.00302221667011075	0.0109990966506735	0.0198545615839073	0.0451505440045038	0.150293609168101	0.385336684044837	0.385343150298012
1.25306860838837e-07	0.0028999766803932	0.0107766406458616	0.020192072862431	0.0450659859663834	0.15066044860608	0.385200683323374	0.385204066608616
1.39078441214394e-07	0.00301522060552806	0.0108757950245244	0.019589615680371	0.0443468299225041	0.148178065466169	0.386996054483701	0.386998279738761
1.31195648922543e-07	0.00291884079722873	0.0108880580997307	0.0194788803868277	0.0447390282390763	0.149006245437671	0.386483751943664	0.386485063900153
1.35124379964892e-07	0.00289422909446802	0.0108148148748701	0.0192259021545447	0.0438157016961758	0.149002059160426	0.387123106012238	0.387124051882897
1.84524893607559e-07	0.00388738593363046	0.0181882497131099	0.034387505598024	0.0849113440922418	0.327287559719175	0.531337770418925	0
1.95415856667941e-07	0.00429465428199133	0.0176816175430286	0.0320665695840691	0.0773938637857679	0.299188125281887	0.569374974107399	0
1.28672291104074e-07	0.00284442966714666	0.0116259275181264	0.0221701070849408	0.0495958339000276	0.169670113840236	0.37204666532247	0.372046793994761
2.19798190093783e-07	0.00427749257741512	0.0175475885061372	0.0316357732983884	0.0720799590647851	0.251626067010314	0.62283289974477	0
1.33793332650095e-07	0.00266502939305725	0.0107262114785581	0.0196278832797669	0.0441701294611045	0.150773981050048	0.3860182488754	0.386018382668733
1.39299144215708e-07	0.00254262727936931	0.0103717963808689	0.0186118979578049	0.0425681468825896	0.146812940054703	0.389546156423188	0.389546295722332
2.10145841213802e-07	0.00397827092001849	0.016595217080654	0.0299558693733451	0.0692712142226705	0.236969066532173	0.643230151725297	0
2.18694103154072e-07	0.00412653903241418	0.0169286731369504	0.0297961967783297	0.0689726210291438	0.237414318384061	0.642761432944998	0
2.21892588454707e-07	0.00400649257713818	0.0165769296056858	0.0296637106875675	0.0683617781140683	0.236694155460166	0.644696711662785	0
2.25063878755388e-07	0.00402999381299397	0.0168460313248408	0.0294054960149064	0.0682096596066379	0.236971783516457	0.644536810660286	0
2.11036268270993e-07	0.00422346883690737	0.0174079596971376	0.0304972732003777	0.0693902022613802	0.241311531317149	0.63716935365078	0
2.18722946705529e-07	0.00491054887648584	0.0187349327230088	0.0330111981774254	0.0713631732675065	0.239510813006316	0.63246911522631	0
2.08594598067413e-07	0.00437506309986592	0.0181994614921856	0.0322979531863659	0.0724511617467545	0.245058811160979	0.627617340719251	0
2.16061166051865e-07	0.00415053499985632	0.0172537804762377	0.0305676855895196	0.0702773512370258	0.239007294008905	0.63874313762729	0
2.15290026883266e-07	0.00412818626548662	0.0173129780918716	0.0308157532879631	0.0696596716784032	0.239413059105509	0.63867013628074	0
2.24400754614858e-07	0.00389851430992392	0.0169572918239809	0.0300775551448024	0.0695900400173866	0.239348986482772	0.64012738782038	0
2.25689158773e-07	0.00424408463072627	0.0176181984904555	0.0309936664851374	0.0706271653464227	0.238918154503638	0.637598504854461	0
2.2489942497715e-07	0.00424879993666832	0.017657303653806	0.030974498204403	0.0710542745284309	0.241790046491209	0.634274852286058	0
2.23996322876364e-07	0.00411974037034208	0.0174609613608583	0.0308662452997172	0.0704609553129576	0.240213208659967	0.636878664999835	0
2.11773999023722e-07	0.00420816113460038	0.0176611044225823	0.0323273009509711	0.0721996859391594	0.242209311067415	0.631394224711273	0
2.19438137426645e-07	0.00432534512681659	0.0177360874575085	0.031348712874633	0.0707589246039087	0.242315660444059	0.633515050054936	0
2.08782258685812e-07	0.00442346971477629	0.0181064326022683	0.0336905667373534	0.0731447765079873	0.245113294648765	0.625521251006592	0
2.16579038787573e-07	0.00411023699811056	0.0176243358603776	0.0310524528442459	0.0707108903737548	0.241565979071534	0.634935888272938	0
2.22266675557334e-07	0.0050885732702096	0.0195363517147874	0.0337614189504568	0.073967682425374	0.244153941899491	0.623491809473006	0
2.22177144948147e-07	0.00461195317483364	0.0189519326412219	0.0339819943198191	0.0746184163079802	0.244920086213619	0.622915395165381	0
2.15849715067584e-07	0.00439815379421708	0.0180849683769375	0.0322783822409215	0.0722451154828353	0.244214957824045	0.628778206431329	0
2.20571805938278e-07	0.00403028803810422	0.0176097912706943	0.0321282686811637	0.0721653600360503	0.245120124508373	0.628945946893809	0
2.02934308337982e-07	0.00413498946669473	0.0177056125338723	0.0330939182008331	0.0739555529219192	0.249248179121185	0.621861544821187	0
2.14451178688013e-07	0.00383031250254661	0.0169069020254056	0.0301754253531904	0.0701847239562983	0.243899185643094	0.635003236068286	0
2.15169492236577e-07	0.00387541772467299	0.0171210364972644	0.0304815557787102	0.0713323445577933	0.248645131499759	0.628544298772307	0
2.03732003588128e-07	0.00394608517749845	0.0173665234498592	0.0319038205658901	0.0738485729286211	0.251111307146572	0.621823486999555	0
2.16931597996246e-07	0.00368545091835823	0.01675688128722	0.0298903540931088	0.0702563350534563	0.244633329197171	0.634777432519088	0
2.2465821622275e-07	0.00373269626254098	0.016832966166922	0.0310275462425239	0.0716381133562455	0.250973556380001	0.62579489693355	0
2.18747586940682e-07	0.00369902169516693	0.0168090020756959	0.0298966702023568	0.0703085369089522	0.251398508010209	0.627888042360033	0
2.1552481261734e-07	0.00340723176266752	0.0163188922369471	0.0287352766918321	0.0689381976134075	0.250871959510647	0.631728226659687	0
2.21519709383863e-07	0.0035897268905655	0.016396002809756	0.0293531336510369	0.0698704176156017	0.251270027873825	0.629520469639505	0
2.09095836149157e-07	0.00353748335597144	0.0163761767913658	0.0289785919319117	0.0704276595317592	0.251207737549598	0.629472141743558	0
2.16375328106138e-07	0.00340444941242198	0.016168213642075	0.029421418863904	0.0710260669521523	0.252780909810652	0.627198724943467	0
2.15986686580639e-07	0.00357522762296932	0.0166132639584096	0.0308692492194781	0.0720078014391193	0.253240286268754	0.623693955504583	0
2.19696155822574e-07	0.00302433728105356	0.0152840418644207	0.0290638241499242	0.0692141754111229	0.254521731355101	0.628891670242222	0
2.23718401174074e-07	0.00327165789876966	0.0155354532143301	0.0297836307483045	0.0698122219599745	0.256320883777172	0.625275928683048	0
2.18528603208874e-07	0.00270298029309056	0.0144128354960381	0.027748980564066	0.0670305896338772	0.256163599253506	0.631940796230819	0
2.10444663260129e-07	0.00288540677795963	0.0149579857752034	0.0302065956303691	0.0710038189393042	0.257964330892245	0.622981651540255	0
2.17911069620843e-07	0.00225886614768966	0.0136246717169736	0.0263369497854448	0.0655040675280255	0.255909094474908	0.636366132435888	0
2.25291899449522e-07	0.00213238782828972	0.0138541000647489	0.0277012160806148	0.0683391436114201	0.259707039425632	0.628265887697395	0
2.21545965470732e-07	0.00121097024726302	0.0118436257680999	0.0249460757120044	0.0641488558480159	0.25879382400743	0.639056426871222	0
2.17802951926968e-07	0.000533835035172999	0.0108681494982038	0.0235893665114022	0.0634568900439221	0.261415161611968	0.640136379496379	0
2.16160084700168e-07	4.75552186340369e-06	0.0105762806242098	0.0259722826569792	0.067091767089238	0.264284668997305	0.63207002895032	0
1.79051478374341e-07	0.0182421227197347	0.0377238188242549	0.0953535067052988	0.328901451140612	0.519778921558622	0	0
5.1164896787612e-07	0.00211822672700714	0.0307009846684387	0.0396819590015682	0.108573957579184	0.818924360374834	0	0
1.83431882111998e-07	0.0011328753039237	0.0238765943669903	0.030581213090066	0.0966882290844089	0.847720904722729	0	0
2.92078936084951e-07	0.00155327578209977	0.0276394297217189	0.0360331941869282	0.0993252392418565	0.835448568988461	0	0
3.18643953300817e-07	0.00129465038226122	0.0230274425731901	0.0261517465353046	0.0501739955306999	0.117615944178678	0.781735902155913	0
2.68326714607706e-07	0.00103439948481271	0.0204462273263926	0.0232746592250724	0.0454832564130085	0.108409090909091	0.801352098314908	0
2.87293331950495e-07	0.00216274420292332	0.021588370136088	0.025081857052606	0.0483267605407205	0.115989511495037	0.786850469279293	0
1.86106481195429e-07	0.00155882788649291	0.0199039020573699	0.0229999694785371	0.0452601656943223	0.111864139291024	0.798412809485773	0
2.49661521392372e-07	0.00169969563763927	0.0212212293183516	0.0244481044823481	0.0474576592784333	0.114172960009467	0.791000101612239	0
2.2325564780975e-07	0.00143977567272508	0.0204089150445283	0.0235177499402791	0.0465083932960794	0.113533310858931	0.794591631931809	0
2.78937071238854e-07	0.00150068144326504	0.0210667223053145	0.0242903980376219	0.0474020080121884	0.113279134000811	0.792460777263728	0
3.07224381326902e-07	0.00145255687491359	0.0204789628104886	0.0236034347685832	0.0463017865097774	0.111060999400912	0.797101952410943	0
2.60789582186402e-07	0.00137696899394421	0.0199527501434995	0.0229012371596989	0.0450633966434816	0.109895686775021	0.800809699494772	0
2.30490107249352e-07	0.0019017738749144	0.0222697236723251	0.0261733041287001	0.0508979779333381	0.123192583012741	0.775564406887874	0
1.82397576009174e-07	0.00164613812348279	0.0179749163205521	0.0210419315611463	0.0400059899363961	0.0921485321828667	0.249818104017325	0.577364205460655
1.84865504799293e-07	0.00123619563059287	0.0161785046525102	0.0189466807213748	0.0369004488164726	0.0876713564580361	0.253626044443886	0.585440584411623
1.87715133274929e-07	0.00141067922656109	0.0167265446655958	0.0196203611601621	0.0379062554378728	0.0885125659325941	0.252745662325629	0.583077743536452
1.8715740836399e-07	0.00180363594440377	0.0172594690419188	0.0203172467797696	0.0383464942422895	0.0888816147042838	0.252418635188288	0.580972716941638
1.90839840335756e-07	0.00140591710375351	0.0157042104612294	0.0188328388036937	0.036312050619886	0.0863760201343665	0.251073664941729	0.590295107095502
1.92038247873753e-07	0.00175292512659161	0.0162865717639251	0.0196679812324861	0.0370691429870704	0.087088961334251	0.241837222235878	0.59629700328155
1.95914592992331e-07	0.00177576987088249	0.015888869406271	0.0195869532635943	0.0369353863876582	0.0872456661243098	0.242894912391892	0.595672246640799
2.00553970176421e-07	0.00187658349894077	0.0158040539578424	0.0197463433496003	0.0371895249056945	0.0892260602235495	0.244968852965662	0.591188380544741
1.89498737938405e-07	0.00187774299423166	0.015339733337376	0.0194416230187907	0.0366331380233008	0.0878129571657053	0.24480204961835	0.594092566343508
1.90962435397408e-07	0.00188766367390338	0.0148973615102226	0.0191590701809866	0.0360686028729916	0.0871254653754551	0.249338888048654	0.591522757375351
1.99601754579263e-07	0.00232176760926599	0.0152403923691451	0.0201062839422784	0.0367047666495808	0.0881345539379829	0.250037325528106	0.587454710361886
1.96166552465039e-07	0.00245600523686228	0.0149904594397209	0.0200186005125047	0.0364754049319018	0.0875193150491721	0.249747876938444	0.588792141724842
1.87602337074874e-07	0.00283448371086428	0.015018317492192	0.0205769747397205	0.0368488510482468	0.0878956345686572	0.247778413124359	0.589047137713623
1.9264756707314e-07	0.00293845334056661	0.0150918177569427	0.0209340478760028	0.0372659380221953	0.0894557051228456	0.250355145789899	0.583958699443981
1.90760550870688e-07	0.00333163302095657	0.0151820599621455	0.021430231045364	0.0377585711576914	0.090788287454785	0.251404474555785	0.580104552042721
1.91612030093053e-07	0.00344652558528374	0.014733432217915	0.0215722571839661	0.037118890857596	0.0897961037226577	0.255181428808754	0.578151170011797
1.86373454008902e-07	0.00364639662768417	0.0143973493221877	0.0212202950999996	0.0368568415178925	0.0887262511296561	0.247716412661392	0.587436267267733
1.96437951340748e-07	0.00402894238199874	0.0140840117972776	0.0212547827730203	0.0369089231153645	0.0902007713725473	0.252576971264664	0.580945400857177
1.98565601805676e-07	0.00465040639428894	0.0148161709443323	0.0226060980687708	0.0383956375931546	0.0921437718211186	0.251911442124382	0.575476274488351
1.90195172580247e-07	0.00488763554496718	0.0147037985970063	0.0224038501589176	0.0382332237872538	0.0905279570737103	0.251826206498322	0.57741713814465
1.81265355441423e-07	0.00453979082703043	0.0139209980325458	0.0215928729362486	0.0376199931336683	0.0914501844737522	0.255354125436351	0.575521853895048
1.9488200868784e-07	0.00488413290173464	0.013701569384816	0.0216759462983137	0.0374789283828106	0.0917985855463809	0.25687572958952	0.573584913014415
1.74537675877253e-07	0.00495058663858239	0.0137071418373442	0.0220683692002439	0.037975383904345	0.0916118589274799	0.256970772968024	0.572715711986305
1.85529961697339e-07	0.00477312932458745	0.0131026824849512	0.0215138688284618	0.0374325250720552	0.0913961407912667	0.254482543022079	0.577298924946637
1.71313634663738e-07	0.00480620402049117	0.0132512809548748	0.0220180848951569	0.038137498721572	0.0927546838432569	0.258613863692936	0.570418212558077
1.77875111038538e-07	0.00481276687936972	0.0131115301848727	0.0228389863822372	0.0402632765093504	0.0962352376998471	0.261735755138545	0.561002269330667
1.79901640577031e-07	0.00467060639266088	0.0129613734986533	0.0225798147121043	0.0395098184018869	0.0945876051727478	0.265078590931194	0.560612010989112
1.74928449890783e-07	0.00479146517095845	0.0129422562936195	0.0227295030650088	0.0396793701456262	0.095391982294442	0.270203055195349	0.554262192906546
1.70392178044832e-07	0.00472684941114167	0.0132641790998999	0.023294485052687	0.040576341318706	0.0988548964066675	0.274861667110254	0.544421411208466
1.6718605802025e-07	0.00457621678013027	0.0128910481897094	0.0236173713001725	0.0413613291960357	0.0991540385464175	0.276783373680902	0.541616455120575
1.62802071102828e-07	0.00466102329567396	0.0130090250956137	0.0238513174269198	0.0417432650411205	0.100500648929055	0.278769405192865	0.53746515221668
1.69930493330313e-07	0.00469908793206315	0.0130520213317147	0.0243379550462474	0.0420695223032923	0.102115141843532	0.278311482254413	0.535414619358244
1.75462145358105e-07	0.00454306586761206	0.0126588919390058	0.0242829081446896	0.042742403147089	0.104172753009834	0.287262413288801	0.524337389140823
1.66623455650501e-07	0.00454665423433523	0.0124112813410389	0.0242345485070872	0.0434270712461902	0.105506138741353	0.293810638441098	0.516063500865442
1.70049084668289e-07	0.00450919157814903	0.0127193314350187	0.0254759036195798	0.0445344948819477	0.106989782600748	0.292433921051311	0.513337204784161
1.62366076401033e-07	0.00457190397930027	0.0126564356554605	0.0248009310720285	0.044878632981551	0.110091019175109	0.289568206903741	0.513432707866734
1.66760358194579e-07	0.00455639326695048	0.0126407686718655	0.025446129817269	0.0461901178145255	0.110576792394527	0.296905978342165	0.503683652932339
1.61167861001101e-07	0.00469707614101608	0.013176761979728	0.0268408955711233	0.0471119444563977	0.114633058654948	0.294762318502828	0.498777783526098
1.64877906261634e-07	0.00453546144544503	0.0126899929333329	0.0258775873877635	0.0466475869953541	0.113698979768492	0.295344474463215	0.501205752128491
1.49809210479993e-07	0.00434791271576084	0.0125490681342776	0.0261012587419292	0.0472297505511855	0.118587922351489	0.307065137194526	0.484118800501621
1.5527880386874e-07	0.00487544388387071	0.0134122066841624	0.0282890030464149	0.0502160782195235	0.122058456569062	0.303814315121873	0.47733434119629
1.6284560315243e-07	0.00455202314491988	0.0131313809014025	0.0260803747272743	0.0511563177743045	0.122843069274845	0.306444158777069	0.475792512554582
1.50270772905699e-07	0.00458205640744057	0.0131613153741727	0.0265541980093931	0.0532690354750224	0.128008007628947	0.311531899329402	0.46289333750485
1.44366890550841e-07	0.0044825919516036	0.0128714632277318	0.0257491342317574	0.0523989734936614	0.128773533968663	0.319220892314426	0.456503266445266
1.57915540136682e-07	0.00438010333677116	0.012625663265008	0.0248592222438567	0.0504260640230658	0.124574516316544	0.318989548991638	0.464144723907576
1.45464743855496e-07	0.00430852024825595	0.0127156551193844	0.0243743634099147	0.050485575861464	0.124713616285534	0.318472364171568	0.464929759439135
1.52558117396217e-07	0.00459276212421312	0.0131883441326682	0.0256120669809466	0.0544182432658177	0.132691236558295	0.322729374562063	0.446767819817879
1.53774684104511e-07	0.00391587233072137	0.0116530455614398	0.0227428144550048	0.0482394259529533	0.124303765895881	0.330515309730662	0.458629612298653
1.60352287561682e-07	0.00407294810406671	0.0123322133795062	0.0242768552799759	0.0519714592170415	0.129529210494288	0.328526720062909	0.449290433109925
1.47332819240016e-07	0.00377731881967553	0.0119232030626368	0.0229803838137807	0.0501248350977421	0.129916901343292	0.339770991759086	0.441506218770967
1.49371935821452e-07	0.00382810397123216	0.011840265236759	0.0230993242712367	0.0511176157610097	0.132762523417785	0.338671139459913	0.438680878510128
1.42371189310543e-07	0.00409103612483846	0.0125477423986954	0.0250157569313769	0.0537314563305563	0.136535394260704	0.337836723879478	0.430241747703161
1.50031116453552e-07	0.00385609975508921	0.0122918993399231	0.0238827032726587	0.0520097868297885	0.134524500381379	0.341550487571122	0.431884372818923
1.41661017933577e-07	0.00384793823012974	0.0122791770344824	0.0237462114531516	0.0525124643988154	0.136302264947185	0.342569631702603	0.428742170572615
1.4323237074496e-07	0.00365371454533319	0.0117258612634069	0.0224797476589385	0.0507223065224298	0.136807109825712	0.35305117893132	0.421559938020489
1.42655529834764e-07	0.00374756076875924	0.0121462624322511	0.0234529970714246	0.0522612827328463	0.139329088190076	0.353599548523779	0.415463117625333
1.4277245839325e-07	0.00370180430122019	0.0124003591012874	0.0234712210700168	0.0524807285735661	0.140456403573195	0.354145798092332	0.413343542515925
1.4366420732699e-07	0.00354893691359862	0.0118755707060636	0.0225084460187488	0.0511598298785923	0.142369792818973	0.361054299898458	0.407482980101358
1.41500616871939e-07	0.00365609293873717	0.0120193453983363	0.0226044405440586	0.0518168183954198	0.143659350282938	0.359387228748624	0.40685658219127
1.29953958612003e-07	0.00365794402701067	0.0120636259779523	0.0233017844108011	0.0529471413572885	0.146175851357623	0.356942458856252	0.404911064059114
1.31794292305507e-07	0.00360048827149413	0.0121863592380287	0.0231690412044311	0.0525822323897126	0.147924463946485	0.3613439696599	0.399193313495656
1.3799093206389e-07	0.00377694980152074	0.0125077740641351	0.0239051350979522	0.0536002317143731	0.148324245020563	0.363124241653584	0.39476128465694
1.28221287375063e-07	0.00366738526150155	0.0124361826625073	0.0243258861982222	0.054325949026653	0.152172895635437	0.363859573584722	0.389211999409669
1.30475638502108e-07	0.00362409133503456	0.0123709171889389	0.0231231536066206	0.0536740243618893	0.152274594853571	0.360206182822987	0.39472690535532
1.30523033203885e-07	0.00362318887870664	0.0124640360097386	0.0230306586857923	0.0538765145077004	0.156050597514868	0.368296973314435	0.382657900565726
1.34747590140411e-07	0.00379597436184552	0.0129749802022103	0.0235804240318015	0.0539494316548769	0.15435215177753	0.369392057950088	0.381954845274058
1.22686515709088e-07	0.00357533044079425	0.0124290028469406	0.0231195377662834	0.0534298549047922	0.154596419639412	0.373054605927844	0.379795125787417
1.24972584139354e-07	0.00357146650953447	0.0125272518341289	0.022946341146411	0.0536013662002898	0.156951068859269	0.372627504841126	0.377774875636657
1.23774248148801e-07	0.00381645516742014	0.0135629345636494	0.0245540877992629	0.0549073704470416	0.158403683521625	0.3704638749385	0.374291469788253
1.26835644722705e-07	0.00392607054674661	0.0135435101434904	0.0243703276126652	0.054790969149893	0.156831386850112	0.371836322659226	0.374701286202222
1.17617986424767e-07	0.00390962186875926	0.013746131691449	0.026487688160844	0.0589263759628355	0.162732482241742	0.366164081090074	0.368033501366309
1.28453966594261e-07	0.00374623148175504	0.0135780980848798	0.0242275741853771	0.0550990444309425	0.160608306604204	0.370682437388325	0.37205817937055
1.26269370194898e-07	0.00298450283392661	0.0113819210293681	0.0212614890921573	0.0500315862829543	0.155860218291962	0.378773765316001	0.379706390884261
1.25709725683779e-07	0.00307020863037494	0.011641097727495	0.0206625304814657	0.0483748623792778	0.152658245288337	0.381467168265233	0.382125761518091
1.19750167620297e-07	0.0029563921382099	0.0114927828370228	0.0205997830845464	0.0483354786575863	0.151370438880772	0.382419525791731	0.382825478859964
1.21304989371257e-07	0.00298386012855418	0.0115154826410134	0.0204831965902623	0.0477394572620688	0.149436708151356	0.383777568378409	0.384063605543347
1.2376859530318e-07	0.0031216915107368	0.0121157077942283	0.0213294133343829	0.0495195674436116	0.151064026236962	0.381332156046455	0.381517313865028
1.31267842581503e-07	0.00301850404016166	0.0122201172694398	0.0211707463837022	0.0502477549260883	0.154474947007172	0.379368921970719	0.379498877134875
1.13968244344269e-07	0.00295941340088763	0.0117503539283828	0.0205112068393711	0.0492136533044978	0.152604276954686	0.381445445566829	0.381515536037101
1.24154029959112e-07	0.002981807337528	0.0122060793014002	0.0210583857915148	0.0498555405784411	0.154543832642354	0.379654456986898	0.379699773207833
1.27752279132598e-07	0.002999240257196	0.012400658230843	0.0208128903071663	0.0496053157212338	0.156520814870467	0.378816679184261	0.378844273676553
1.21351506287707e-07	0.00296170486245778	0.0123448460316359	0.0208392087687628	0.0504470346788627	0.158631538479835	0.377379035605017	0.377396510221923
1.17617820417113e-07	0.00286975720035713	0.0123669257277573	0.0206034664559269	0.0495977882204106	0.157364410470668	0.378593533160521	0.378604001146539
1.22236970791843e-07	0.00298710485524026	0.0125950529964499	0.0206064640621472	0.0496967850821023	0.155046229411169	0.379530759161264	0.379537482194657
1.24544618171732e-07	0.00286290713791361	0.0125814973277084	0.0205554665061536	0.0497870847480045	0.159884776301052	0.377161207191057	0.377166936243493
1.14146520756974e-07	0.00280617806628945	0.0122245216404681	0.0202441137492909	0.0488048288544141	0.158903371545784	0.378507237460149	0.378509634537084
1.25126565521025e-07	0.00286840138800397	0.012429697639162	0.0204339189089764	0.0490717610863388	0.156624926112763	0.379284771546419	0.379286398191771
1.20958621265251e-07	0.00294256037951977	0.012812662916143	0.0218800840420501	0.0514790215415209	0.16110212657352	0.374891409397759	0.374892014190865
1.14049573015506e-07	0.00240062946240339	0.0127435571400336	0.020947256976612	0.0593106820997028	0.218458079425719	0.343069783398191	0.343069897447764
1.20666867858558e-07	0.00268387247491004	0.0126778644715594	0.0210476804268325	0.0529089222168096	0.193728001675821	0.358476648366732	0.358476889700467
1.90901446173905e-07	0.0042607293771554	0.0201492658407634	0.032859484127022	0.0794245466806534	0.273915321845521	0.589390461227439	0
1.26602823394885e-07	0.00271727639852442	0.0128948773712392	0.0213729620427011	0.0496881899062607	0.163889380529853	0.374718530272887	0.374718656875711
1.98498714522325e-07	0.00412043631605442	0.0195273110411337	0.0321436908374581	0.075776685770183	0.256531798700072	0.611899878836385	0
1.87642150656757e-07	0.00394329979605175	0.0192680342401891	0.0319177421845637	0.0750071350927787	0.255673876441021	0.614189724603245	0
2.09805292296537e-07	0.0044109464652424	0.0212192876522872	0.0333418374411811	0.0776350915296568	0.250505420949142	0.612887206157198	0
2.10146945251467e-07	0.00479576343758373	0.021946696227337	0.0357754159596098	0.078891895157689	0.248164208823019	0.610425810247816	0
2.08870304073389e-07	0.00451034534616076	0.0222868791852387	0.0352334961129236	0.0792489441606129	0.252228437274159	0.606491689050601	0
2.11707330705057e-07	0.00429638856932844	0.0204955983928873	0.0335905436263179	0.0781803416194171	0.250405101977304	0.613031814107414	0
2.286908182466e-07	0.00430396119940101	0.021051447201236	0.0336758664409031	0.0783961272582075	0.251473683632781	0.611098685576653	0
2.20704657000686e-07	0.00446838648563588	0.0212759289348661	0.0342120909956473	0.0786474424082233	0.251179997448654	0.610215933022316	0
2.03446837001853e-07	0.00439994474383907	0.0211383298113295	0.0333396469668416	0.0781256198770815	0.252881570137585	0.610114685016486	0
2.12520789846267e-07	0.00437814079162294	0.0216694698158847	0.0344946744415272	0.0794234821021366	0.253185155337821	0.606848864990218	0
2.14165231045735e-07	0.00433556093728985	0.0216002768728107	0.0337832802060784	0.0788025250937401	0.253903589666271	0.607574553058579	0
2.12953537797123e-07	0.00419688832290571	0.021127759345466	0.0330105667545455	0.0773153373396992	0.249540446265434	0.614808789018412	0
2.17506346291419e-07	0.00447280050513674	0.0225158219553951	0.0343340292811393	0.07992575203363	0.253424909305291	0.605326469413061	0
2.00940199192019e-07	0.00559357232490825	0.0282560098701826	0.0426007288101025	0.0858070913805697	0.249193978625991	0.588548418048047	0
2.02900215094518e-07	0.00436641262883403	0.0222236605593026	0.0374519304027914	0.0825949963589556	0.253766690318068	0.599596106831833	0
2.1407005399703e-07	0.00566514990897741	0.0254931745903984	0.0388609931822969	0.0832835263674367	0.248432793134688	0.598264148746149	0
2.03969823888375e-07	0.00497890340111523	0.0227664998329487	0.0363686354785928	0.0811481706150465	0.252058973387241	0.602678613315232	0
2.17074894094586e-07	0.00483599449063919	0.0224051681190786	0.0347660638135066	0.0799703909844455	0.254251574607013	0.603770590910423	0
2.13768668952281e-07	0.00431876841884294	0.0215378347029492	0.0332521439928653	0.0786544715916403	0.255651722954095	0.606584844570939	0
