4.99876280620546e-07	0.000500376156901167	0.0187093694310658	0.0226818862331573	0.103334424729879	0.854773443572716	0	0
3.57155740260631e-07	0.000417157904624417	0.0113764817945219	0.0163534470350538	0.0701225294198112	0.901730026690248	0	0
2.62498333135585e-07	0.000613983601204132	0.0440837075684569	0.061045562360679	0.13353526455107	0.760721219420257	0	0
1.8349657494468e-07	0.000494706766050858	0.0356847624260669	0.0404859503094945	0.0763547598002309	0.157765951219638	0.689213685981944	0
2.34807761711448e-07	0.000263689116401956	0.015073014647543	0.0169059240354625	0.0427115318553124	0.129715321417779	0.79533028411974	0
2.05438448791796e-07	0.00127638908234343	0.0125389357220073	0.0155892858096679	0.0340951812768328	0.102442087928478	0.834057914742222	0
3.57571176330504e-07	0.00156651932350394	0.0142184602556062	0.0174026315808293	0.0358879886835874	0.0962181126964228	0.834705929888874	0
3.12165982398833e-07	0.00147810592665848	0.0132870328748239	0.0163418891785789	0.0336052923371992	0.0895238969302846	0.845763470586472	0
3.27738938892747e-07	0.00135782242383265	0.0127618265415447	0.0157367128898741	0.0321092393212002	0.0845474695440398	0.85348660154057	0
2.21477320168721e-07	0.00119752787015228	0.0112275712686332	0.0138985877498679	0.0292383284220738	0.0802077900217823	0.86422997319017	0
2.84254193744247e-07	0.0011833502085573	0.0116996183603195	0.0145137348783875	0.0304581211138899	0.0813754378225219	0.86076945336213	0
3.19079519402428e-07	0.00127823255472613	0.0120337649947432	0.01505768160012	0.0314599642950018	0.082789967501751	0.857380069974139	0
2.65913882193768e-07	0.00146172861041914	0.0124354627007916	0.0157944868606633	0.0329552392480381	0.0863204326099767	0.851032384056229	0
2.16934892198544e-07	0.00113370174662959	0.0100345403735359	0.0126236583119255	0.0263345943035501	0.0663820770127545	0.211980099260729	0.671511112055983
2.17138243885767e-07	0.00124615638166042	0.0100055131400123	0.0127494891279967	0.026396844894461	0.0669048528443264	0.212431989587787	0.670264936885512
2.25155700795993e-07	0.00118499445328931	0.0100225808652328	0.0127366076826277	0.0263267806269731	0.0666341541834717	0.212257206164493	0.670837450868212
2.10007266251412e-07	0.00118654105432048	0.00986698139755636	0.0126285769487624	0.0260438411169026	0.0664221482063279	0.214035835639913	0.669815865628951
2.07650767954835e-07	0.00123552206933127	0.00998447187557234	0.0129383040497299	0.0265159648139927	0.0671598649273285	0.215246633046623	0.666919031566654
2.10788314570363e-07	0.0011707182991238	0.0099251785798601	0.012908676384289	0.0263972314219611	0.0673677345483734	0.210178293187996	0.672051956790082
2.14186102449068e-07	0.00140506083206589	0.0101573475364422	0.0133590013958508	0.0268561528277813	0.06804264102602	0.212628541112059	0.667551041083679
2.00371448591399e-07	0.00137474850878559	0.00988332170177074	0.0131690127157725	0.0265600369965843	0.0680084741093038	0.213792328218051	0.667211877378284
2.16352530004851e-07	0.00148201483053323	0.00974992676466859	0.0133489511012993	0.0265220075957046	0.0680584480686859	0.215352764963698	0.66548567032288
2.14126939160327e-07	0.0015468530084942	0.00949503086318638	0.0133064903802402	0.0260763786509446	0.0673735425182227	0.215407418256506	0.666794072195467
2.0834509615022e-07	0.00164863474583669	0.00953282987435332	0.0134903449757268	0.0264114911487711	0.0679188345842026	0.215255694644427	0.665741961681587
2.02470791563609e-07	0.00182689395227844	0.00965522463729382	0.0138953679542189	0.0268435775455033	0.0686685763711727	0.218143853067756	0.660966304000985
2.16486531831638e-07	0.00212308341767288	0.00987568260909568	0.0144180030199871	0.0273221157228756	0.06982123624634	0.221021924673511	0.655417737823986
2.07708822141428e-07	0.00231159148161195	0.00990874936025683	0.0147371486397565	0.0274636758811839	0.0701094126991512	0.220912664256137	0.654556549973081
2.05048583186057e-07	0.00238717560545208	0.00942054705731703	0.0143894893736647	0.0269802925756214	0.0700659210690085	0.223380336620057	0.653376032650296
1.96428613520417e-07	0.00263489342176288	0.00971398422442519	0.0152939318486997	0.0277972023851148	0.0711961402563158	0.225810994816642	0.647552656618426
2.06902644650294e-07	0.00282132446245141	0.00957731651821747	0.0152915537581693	0.0274561878477387	0.0711188529482903	0.231798205367841	0.641936352194647
1.96534816044395e-07	0.00295725937702001	0.00936822507638817	0.0150926946633133	0.0274291850664199	0.0708201417527014	0.225923060157145	0.648409237372196
1.97574301273544e-07	0.0031388629243328	0.00931424528493869	0.0150306625436861	0.0273189937856955	0.07131819795641	0.228811391027795	0.64506744890284
2.11384313592857e-07	0.00340053945276829	0.00947361078229107	0.0154938360334156	0.0282737088646126	0.0732639006324619	0.23207017113674	0.638024021713397
2.15889790852447e-07	0.00353109341918263	0.00929988452055087	0.0154982963057155	0.0283733157627829	0.0740851724085075	0.233206310976722	0.636005710716748
1.9393676110094e-07	0.00367490768610172	0.00931167964750054	0.0155766127781053	0.0286087752505663	0.0740840366773203	0.235190019238527	0.633553774785118
2.07223221268397e-07	0.00371799903599757	0.00919304376512989	0.0156387220626834	0.0288056855420773	0.0755796966003373	0.238765082224102	0.628299563546451
2.06044182466135e-07	0.00371085572621508	0.00913682322727827	0.015855511929134	0.0292349909175724	0.0765773506344512	0.242137766085457	0.623346495435709
2.12761023201802e-07	0.00378693345196888	0.00931169894145008	0.0161957946081676	0.0295367618070134	0.0772873565272635	0.241916517255238	0.621964724647875
1.93595886784351e-07	0.00377182866221951	0.00922658636825538	0.016174549149059	0.0299066925904465	0.0771353771509229	0.257508277676129	0.606276494807081
1.93624337804765e-07	0.00362329223334056	0.00898649276619474	0.0160218330803309	0.0294343845844047	0.0784176631865919	0.248038004585024	0.615478135939775
2.02892846201136e-07	0.00383021115058504	0.00923771128753771	0.0165542302143969	0.0306650218819935	0.0797898435899049	0.260061151903845	0.599861627078891
2.03855436325041e-07	0.00381535834625947	0.00939712404827541	0.0170013395340721	0.031057987290429	0.079838554648648	0.252512263433411	0.606377168843469
1.91933864196811e-07	0.00373272979089957	0.00947366360289037	0.0172976556430092	0.0316652489151898	0.0822546010385925	0.262660917351743	0.592914991723812
1.92033158749588e-07	0.00352035186619744	0.00904188127972433	0.0170419826732322	0.0314999671623299	0.0820811171106537	0.268731010321014	0.58808349755369
1.84349773461781e-07	0.00330539143816973	0.00836468662105485	0.0164156099276777	0.0314218658372402	0.0854562592370758	0.28047970023252	0.574556302356488
1.81974547583979e-07	0.00342348716369739	0.00864870432302375	0.0168459297934916	0.0317632933316883	0.0855491464119896	0.276023907088163	0.577745349913398
1.75503039975907e-07	0.00355095300783253	0.00880709355207096	0.0174055139896106	0.0325168522406561	0.0866065381551507	0.275432189398669	0.575680684152971
1.86723266223124e-07	0.00337128857165851	0.00855827418407067	0.0172676074905159	0.0327482733232764	0.0877509724080897	0.280021039977638	0.570282357321485
1.74036836636843e-07	0.00330739604344656	0.00852937132673502	0.017245658216018	0.0328442318101049	0.0897386140750551	0.287526257807728	0.560808296684076
1.75022411619808e-07	0.00319608425858931	0.00837902293388668	0.0169005141108319	0.0323567432809771	0.0897031864930304	0.288115243156886	0.561349030743387
1.8070063055485e-07	0.00328549886474829	0.00841324065800328	0.0172473330845688	0.0335087635288303	0.0911990661391413	0.291234664163361	0.555111252860717
1.79645258101732e-07	0.00321259615063327	0.00825595712658128	0.0170713295868914	0.033514439706201	0.092054901028038	0.302683037858801	0.543207558897596
1.78312080019329e-07	0.0031623647391428	0.00834803665026493	0.0175749735429451	0.0341840305484256	0.0934562141314107	0.305367461076702	0.537906740999029
1.72751641702039e-07	0.00325101314519067	0.00836774402076336	0.0176303415455433	0.0347655768859685	0.0970340788891102	0.312732124221559	0.526218948540223
1.6641801042276e-07	0.00324531762125424	0.00841642445912066	0.0169143937433485	0.0352524935658637	0.0996912113816606	0.312960052188688	0.523519940622054
1.75749240982966e-07	0.0032272833121702	0.00832401130067619	0.016641871377918	0.0354964256998115	0.0999663440203518	0.312695158547784	0.523648729992047
1.64371735885522e-07	0.00315955350719151	0.00832312721829931	0.0167077294658198	0.0355603457132098	0.10041650154156	0.316947169773484	0.518885408408699
1.71249151246394e-07	0.00319020043856908	0.0083915509093758	0.0169581184513254	0.0367106805526895	0.104063142987048	0.321341839849506	0.509344295562335
1.73468902750211e-07	0.0031680625709271	0.00835027257168689	0.0162122301821319	0.0370396005219332	0.106340947577351	0.329517884817342	0.499370828289725
1.68487227320271e-07	0.00326022784864725	0.00857650533228377	0.0164911928356535	0.0379820756548088	0.108517736987394	0.334658597701025	0.490513495152959
1.7197845041225e-07	0.00314376607353592	0.00844740950579929	0.0163326214572009	0.03786243168586	0.110844926687306	0.336636982039603	0.486731690572245
1.579233209632e-07	0.00321310788831726	0.00843326326275582	0.0162561528899889	0.037536478313101	0.110100665062482	0.34551806508557	0.478942109574465
1.55593734800437e-07	0.00324475174552831	0.00862393834504902	0.0168895443188526	0.0381842584573753	0.111626212814264	0.343495886257246	0.47793525246795
1.45077954737419e-07	0.00312352836549663	0.00868102957762294	0.0173916550580123	0.0393857631521145	0.11464001952169	0.346718177078089	0.47005968216902
1.50635712835308e-07	0.00293754703600133	0.00807452611511099	0.0160155889886499	0.0379062720493025	0.115626316179541	0.355223564486847	0.464216034508834
1.50607581103688e-07	0.00296214990514735	0.00819561274091942	0.0162344429899099	0.0384184878637399	0.117852239504609	0.360607563030779	0.455729353357314
1.49934613515046e-07	0.00290633254837565	0.00816723826739159	0.0162858977200043	0.0388632017577135	0.120262253631191	0.362371569758428	0.451143356382282
1.47707236576329e-07	0.00298294764265897	0.00824162067924945	0.0161302210630815	0.0386214542693226	0.121679301297505	0.364498624771774	0.447845682569172
1.45364768173721e-07	0.00288519991871202	0.00820729481108831	0.0162094799342835	0.0390558790890746	0.12360962233361	0.367677213462057	0.442355165086406
1.40937930653464e-07	0.0029068448197277	0.00830053942583578	0.0166567493342797	0.039668812775516	0.125754264570375	0.369750238255572	0.436962409880764
1.37918231866201e-07	0.00288911112113317	0.0083927381637539	0.0164387498925962	0.0393580016641214	0.127127647323221	0.36713419568087	0.438659418236073
1.34547689015621e-07	0.00287716778191004	0.00837963007189287	0.0165743916190783	0.0396684260570975	0.129734649084154	0.372306506632057	0.430459094206121
1.47748614007189e-07	0.00309016226196036	0.00888826112144448	0.0172466957130592	0.0404825292435138	0.133403110078775	0.379877643462796	0.417011450369837
1.38590073291974e-07	0.00333835768545708	0.00916842629863056	0.0173693552956099	0.0406883824376442	0.132964425036907	0.377640903141615	0.418830011514063
1.31330249348865e-07	0.00307483512800497	0.00892980030447605	0.0173332289695619	0.041039126958528	0.137556091149497	0.379847530833716	0.412219255325967
1.35822470252163e-07	0.00304649800775601	0.00890492861714253	0.0174444947893067	0.0413387912234779	0.138618783269714	0.379640782163576	0.411005586106557
1.37547514069391e-07	0.00314557409925291	0.00946959615362132	0.0192489493089269	0.0444334864924903	0.143426569915745	0.379606517826502	0.400669168655948
1.30439319628509e-07	0.00300206094125013	0.00905001043514557	0.0177256600229573	0.0416517531044558	0.143397422519044	0.382490738808306	0.402682223729521
1.27682024771334e-07	0.0025192940307632	0.00782639739038371	0.0155911243628029	0.0379207952649376	0.131864377174744	0.39486279034254	0.409415093751804
1.39152273219366e-07	0.0025637414817936	0.00814666983562777	0.0161359584502444	0.0387443065847412	0.134553012284919	0.395866648706747	0.403989523503654
1.37264139029905e-07	0.00261350920712939	0.00819768891114398	0.0164106141417203	0.0391642041480125	0.136770399921814	0.395697235939485	0.401146210466555
1.29083891621165e-07	0.00257638539286682	0.00808594405504137	0.0160359627722057	0.038364119841485	0.133109372781371	0.399066852547471	0.402761233525668
1.27628965240507e-07	0.00263655916393838	0.00873747896036508	0.0174020817815778	0.0398349144860407	0.136399500102869	0.396198852054035	0.398790485822209
1.3080742452477e-07	0.00267710475032394	0.00861720070541828	0.0165294802000726	0.0392027235152245	0.13691246864219	0.397118914151872	0.398941977227474
1.26536549133193e-07	0.00267447650247917	0.0086836972208145	0.0167638151022637	0.0393748841399722	0.136980116679352	0.397154699156191	0.398368184662378
1.3021542057888e-07	0.0023164021166777	0.00780003390809552	0.0147479381039228	0.0367368953153961	0.133001119071324	0.402251450664893	0.40314603060427
1.20993716554312e-07	0.0022925889412711	0.00775787511802937	0.015402742104797	0.0368226227275565	0.133002342922327	0.402083535997809	0.402638171194494
1.34802609886369e-07	0.00220456188208169	0.00766999889731465	0.0150004300203255	0.0364393022940439	0.131253391970671	0.403517458420809	0.403914721712144
1.32974037484051e-07	0.00230124869269899	0.00784799471827123	0.0151949432633026	0.0367251685944578	0.131519700436088	0.403077551123531	0.403333260197613
1.32042067546384e-07	0.00225937181778617	0.00791460152873024	0.0150071091449167	0.0364671141308252	0.131825518555608	0.403183983191573	0.403342169588494
1.29506703785015e-07	0.00225251009893276	0.00783994732703344	0.0150287349474358	0.0366606282007582	0.133239086988099	0.402437419770597	0.40254154316044
1.34227070861961e-07	0.00228065216101557	0.00814785165546273	0.0152977250390668	0.0369869405113676	0.13417405116897	0.401521624920705	0.401591020316341
1.31504699123166e-07	0.00226411640480355	0.00803204401304474	0.0152683530916952	0.0372935491290378	0.134020384017392	0.401539078396658	0.401582343442669
1.29518227164868e-07	0.00235606607035611	0.00841557632826447	0.0163334141095343	0.038540091266314	0.13733270940086	0.39849922049455	0.398522792811894
1.31538949143228e-07	0.00237006878566268	0.00841257349245512	0.0154818712362596	0.0375179336914788	0.135685846053917	0.400257763724741	0.400273811476537
1.35655042250441e-07	0.00235198712253815	0.00851059038566593	0.0157437172384595	0.0376856490123838	0.136129699243275	0.399783684469627	0.399794536873007
1.37946446430567e-07	0.00234840030403397	0.00858385557558844	0.0158027310637464	0.0378432624886367	0.137312444562772	0.399051066395004	0.399058101663772
1.25845667152557e-07	0.00221274436554341	0.00832909548049197	0.0159508124659194	0.0375158518348487	0.13767327217989	0.399157161228812	0.399160936598827
1.39303044579482e-07	0.00237177363701026	0.00872984319770696	0.0160340590371875	0.0378856918221033	0.136924305790242	0.399025770227429	0.399028416985276
1.31242999826497e-07	0.00222168150106294	0.00844312466483819	0.0155353651324622	0.0374726325534612	0.137020710407859	0.399652652276659	0.399653702220658
1.35473342503975e-07	0.00231320732325538	0.00882893320432659	0.0158608125203379	0.037519613153161	0.138243907831524	0.398616492037012	0.39861689845704
1.82088467317669e-07	0.00336226354902076	0.0162082407413477	0.0313463475602695	0.0807642471479483	0.328127606141188	0.540191112771758	0
1.9572558802817e-07	0.00353930580831341	0.0149548050044684	0.0277533012056305	0.069909852708666	0.293697401194787	0.590145138352546	0
2.10090654117252e-07	0.0039675620030043	0.0155341029654296	0.0296477830183724	0.0685794720421862	0.255620240133618	0.626650629746736	0
2.23412364712643e-07	0.00381789390057435	0.0149916399093125	0.0272940651845788	0.0643559423667591	0.237430150124173	0.652110085102238	0
2.19770318040616e-07	0.00393784455865175	0.01520480945364	0.027698971804567	0.063708777956158	0.232586224137154	0.656863152319511	0
2.30499829660626e-07	0.00361423732907861	0.0146162246986099	0.0263816275039773	0.0618387248011824	0.227578244319677	0.665970710847645	0
2.10546262277479e-07	0.00342958806623785	0.0140436462401701	0.0257607562821741	0.0620928298470381	0.226891810803129	0.667781158214989	0
2.20518690833457e-07	0.00340304443694191	0.0141050370217804	0.0252310870490917	0.0604655634704614	0.223672990187139	0.673122057315895	0
2.23000543675325e-07	0.00348616749927636	0.0142176226625641	0.0254494910458592	0.0609616586245237	0.225351192406207	0.670533644761026	0
2.27196255078688e-07	0.00330411513760936	0.0140057403405808	0.0247328115241211	0.0602026908670059	0.224691643562701	0.673062771371727	0
2.14142483555999e-07	0.00335539857483894	0.0142599621224775	0.0255486972856155	0.0610505230644303	0.227781432476164	0.66800377233399	0
2.22673854281784e-07	0.00348350977638424	0.0145014120862469	0.0267622798507105	0.0622155202340391	0.228562464358266	0.664474591020499	0
2.11584281742244e-07	0.00349452599725491	0.0145172207388989	0.0263251047500883	0.062030798631219	0.230066380336711	0.663565757961546	0
2.17077014583234e-07	0.00364146691963375	0.0144275896202455	0.0258111082649903	0.0620115224479341	0.227103584809819	0.667004510860363	0
2.16309006934002e-07	0.00359462307722924	0.015256706877069	0.0270987597706778	0.0625877133023117	0.227278469293639	0.664183511370067	0
2.26307679321113e-07	0.00337221072956391	0.0149041711447299	0.0262009978810812	0.0620524341314526	0.227440122948436	0.666029836857057	0
2.27178138556855e-07	0.00339335985562375	0.0149069750958237	0.0264919242715306	0.062546912285612	0.228291311435784	0.664369289877487	0
2.26948139853614e-07	0.00342510132667074	0.0148156284659236	0.0262338432782386	0.0624736030944833	0.23019485994236	0.662856736944184	0
2.25506549724983e-07	0.00355263018436739	0.0150541407399907	0.0265312965882438	0.0627002920986339	0.229324826624927	0.662836588257288	0
2.12833430172544e-07	0.00351941360133319	0.0148370440841884	0.0278505313386584	0.0641130911714565	0.230894475056986	0.658785231913947	0
2.23848857251584e-07	0.00323886911557316	0.0141447854408703	0.0256759116244712	0.0614709108410002	0.230530074093972	0.664939225035256	0
2.10875169912668e-07	0.00327489138874374	0.0140649520828351	0.0273595771699793	0.0634995746647823	0.23207107674127	0.65972971707722	0
2.18727060999478e-07	0.00316607420796744	0.0140586818457414	0.0254274582953113	0.0613658455069525	0.230568506627867	0.665413214789099	0
2.26802524402818e-07	0.00333331670114821	0.0144627433761189	0.0265281840693	0.0633541099565855	0.231924859416455	0.660396559677868	0
2.25491752413664e-07	0.00323039484507815	0.0143525500411297	0.0268901169670818	0.063530271816778	0.235342585109607	0.656653855728573	0
2.18884812524064e-07	0.00324978281154477	0.0143135345453861	0.0265491955654813	0.0626404556481365	0.232486314774309	0.66076049777033	0
2.23097806747772e-07	0.00316040353038893	0.014062747150539	0.0262744517984918	0.0623698921478273	0.234196030242246	0.6599362520327	0
2.0604583819344e-07	0.00297859863692436	0.013485081972246	0.0263145260873606	0.062418908084806	0.234779342421191	0.660023336751634	0
2.16304889528767e-07	0.00296467481588128	0.013433182554405	0.0250193376571239	0.0609759157483803	0.230400613959798	0.667206058959522	0
2.18141807008198e-07	0.00290913913826133	0.0134822543821417	0.0245389900121592	0.0605781979479837	0.234261395837069	0.664229804540578	0
2.07613821682565e-07	0.0028185652431625	0.0133821641041931	0.0250095761875251	0.0618292646214629	0.234450399500896	0.662509822728938	0
2.19165544721716e-07	0.00283424882434123	0.0134118355092454	0.0243094038894433	0.0604351181225578	0.230854958214993	0.668154216273875	0
2.28068739005661e-07	0.0028519995812658	0.0131778117397471	0.0249016852683331	0.060710529910873	0.235069765086918	0.663287980344124	0
2.22437888112408e-07	0.00287567701751721	0.0132664180849121	0.0242419483601545	0.0602101548679308	0.235626897812257	0.663778681419341	0
2.18515805685257e-07	0.00264447828040298	0.0129520873503822	0.0233822837873509	0.0590705036876727	0.235674759326692	0.666275669051694	0
2.24282682304253e-07	0.00288831238271417	0.0132539851107699	0.0243088785215465	0.0601665209203036	0.235277692238855	0.664104386543129	0
2.09765287327051e-07	0.0026310859989432	0.0131696940342543	0.0237005407539342	0.0597321339233891	0.235562222362532	0.66520411316166	0
2.18356916608183e-07	0.00260630815663528	0.0128286872076474	0.0238087647592899	0.0603337629141739	0.236630115174539	0.663792143430798	0
2.17719350612847e-07	0.00260675378488762	0.0128865906434238	0.0242663456612561	0.0608601786735623	0.238093309723847	0.661286603793673	0
2.21118350280212e-07	0.0023577849690379	0.0121867167573436	0.0235510943699951	0.0594277678213098	0.238913512874063	0.6635629020899	0
2.25175220097519e-07	0.00227742217606631	0.012002289581638	0.0238282669659395	0.0594372510969411	0.239869929785863	0.662584615218332	0
2.20351147181125e-07	0.00213850788339282	0.0115212800815123	0.0226893372740932	0.0577806981649817	0.239097080325265	0.666772875919608	0
2.11278824241794e-07	0.0020069375514728	0.0112799651474452	0.0233160972068517	0.0590678547297511	0.241356900218505	0.66297203386715	0
2.163458834138e-07	0.00167062291172136	0.0108034480341515	0.02157184803519	0.0570255296796264	0.240840347988027	0.668087987005401	0
2.24532260009255e-07	0.00141006259285812	0.010601066124077	0.0224179744361041	0.058878420945447	0.242865768103531	0.663826483265723	0
2.20181627824793e-07	0.000919038114540685	0.00931368285698873	0.0202837921001034	0.0553111661809827	0.241976526436658	0.672195574129099	0
2.17486762124506e-07	0.000403220456978835	0.00843609401604748	0.0188110825164349	0.0539769520578706	0.243547113396075	0.674825320069831	0
2.15811284254107e-07	6.04271595911498e-06	0.00798372264969642	0.0196183247951196	0.0552263234519101	0.24580106774791	0.671364302828121	0
1.822837677034e-07	0.0136382892158006	0.0290711621246413	0.0774294051424438	0.31275957208521	0.567101389148137	0	0
5.71597110919563e-07	0.000563023154255769	0.0191765114742404	0.023677838722732	0.110735508298447	0.845846546753214	0	0
1.83018148628672e-07	0.000318817614911147	0.0135669523396949	0.0168724431220773	0.0779994066551621	0.891242197250006	0	0
1.95315361064859e-07	0.00072833098141086	0.0958793341699341	0.109004526433493	0.18784845481135	0.606539158288452	0	0
2.08592074418977e-07	0.000635997234903461	0.0731392648297492	0.0747562705906451	0.117285482867707	0.188361980673527	0.545820795211393	0
2.55640058797214e-07	0.000209880488272512	0.0186484310091391	0.0201196395475171	0.0494042308429731	0.143514283888285	0.768103278583754	0
2.91189225532753e-07	0.0011210785183011	0.0142021720969089	0.016807733286976	0.0375080841408739	0.113289497707322	0.817071143060393	0
1.92891932294932e-07	0.000889038915947341	0.0131866711674784	0.0151641992573661	0.033354487148575	0.0999511983411294	0.837454212277571	0
2.60643100360105e-07	0.00105325876855518	0.0136290277178299	0.0157735991475928	0.0338596238815805	0.0967713096585992	0.838912920182742	0
2.35994215309794e-07	0.000912353636387665	0.0123465093623625	0.0143590680305244	0.0308432639699136	0.0880189984783093	0.853519570528287	0
2.93818384392602e-07	0.000978709038411759	0.0127766924453123	0.0149700466848031	0.0322183611221864	0.0888077819562017	0.8502481149347	0
3.23283630630348e-07	0.00100314910584597	0.0127538625119979	0.014947988513086	0.0321101466123593	0.0880983454667068	0.851086184506373	0
2.72589119605291e-07	0.000901997396773908	0.0121858240028349	0.014314199848713	0.0311610252076788	0.0875733435099938	0.853863337444886	0
2.47563173789596e-07	0.0012110790461787	0.0129901348550877	0.0155177548594794	0.0332833833369684	0.0933194334863356	0.843677966852776	0
2.01098399457839e-07	0.000989404125332567	0.010176182307765	0.0122897264860669	0.0261341446983423	0.0704401440668934	0.234190347679023	0.645779849538178
2.01714126302493e-07	0.000810285645357116	0.00993906014530275	0.0120038059421351	0.0257469927953765	0.0694114445736984	0.236743196333805	0.645345012850198
2.06228343446084e-07	0.000811096074773448	0.00976924285738444	0.0118100785441269	0.025300299402309	0.068750342854621	0.234629698448792	0.64892903558965
2.04694881809175e-07	0.00102060868070055	0.0101240041594	0.0123754431644191	0.0259549016236398	0.069993777275593	0.236216460743616	0.64431459965775
2.02660773831792e-07	0.000914405411529047	0.0098906564060868	0.0121961253691973	0.0257275825771722	0.0698899997851796	0.23819693520165	0.643184092588412
2.07899386676019e-07	0.000975048123510531	0.0099282352107133	0.0124506784692534	0.0261102918720279	0.070718223774168	0.228884334968323	0.650932979682617
2.07546214315542e-07	0.00100327840000133	0.0100342368235135	0.0127084697949692	0.0263299353867126	0.0711011821002182	0.230836427847389	0.647986262100982
2.15082626141659e-07	0.0012324234477917	0.0104072030311164	0.0134020135175129	0.0271625697728039	0.0726282408650107	0.232280632927946	0.642886701355193
2.04008647518551e-07	0.00115448493630748	0.00982403642125582	0.0128827380735015	0.0262912064316582	0.0712577724744596	0.231698333228949	0.646891224425221
2.04760811729191e-07	0.00121853159060041	0.00974722892074467	0.0129826545068776	0.0262634407556329	0.0712657719574745	0.236468023425456	0.642054144082402
2.14894418074512e-07	0.00142281594207134	0.00978908542654823	0.0135041801262204	0.0266512057296009	0.0722184926102108	0.236652263010138	0.639761742260792
2.06876534635994e-07	0.00156936539174865	0.00982229098798234	0.0137123973452776	0.0268550567141676	0.0728060588344452	0.238073516059101	0.637161107790743
2.01526888624351e-07	0.00168375715445645	0.00974987087164611	0.0139472729079141	0.0266416531492506	0.0720083786819214	0.234803008474004	0.641165857233919
2.06395111242837e-07	0.00181256186693459	0.00998456990148349	0.0145180385199324	0.0274181457628322	0.0738531242853569	0.238246004809832	0.634167348458518
2.03803669403546e-07	0.00199564553079952	0.0099022088853101	0.0146922065273016	0.0274623406484584	0.0743402416663151	0.239182559786316	0.63242459315183
2.04137916392867e-07	0.00214487708753985	0.00977146964397735	0.0151478499480163	0.0271958656356069	0.0737836085010377	0.242885334303397	0.629070790742509
1.95553083764577e-07	0.0022738912580145	0.00955804807516122	0.0149054471507036	0.0272816107159961	0.0738443643850119	0.237518384434287	0.634618058427741
2.07751154005723e-07	0.00264134817202876	0.00980772422945616	0.0156023194169838	0.0282568577097804	0.0763961241113704	0.243077575735164	0.624217842874063
2.11838869424427e-07	0.00278356274423698	0.00974374063804596	0.0157972481707184	0.028555455920674	0.0773552933978933	0.243487596516437	0.622276890773125
2.01708104571129e-07	0.00300000463928641	0.00981773857379057	0.015999486854582	0.0287736611170716	0.0764776278481436	0.24320914367043	0.622722135588591
1.8936894125908e-07	0.00290851756879821	0.00957676609735419	0.0157636387772296	0.0287844578092627	0.0773589168248055	0.245628370648799	0.61997914290481
2.06339108833769e-07	0.00327274460521241	0.00976025252605496	0.0162442526820473	0.0292116339767056	0.0780861469906163	0.246798700311221	0.616626062569033
1.83773160701727e-07	0.0031932424403532	0.0094720362488884	0.0161003666090783	0.0292893988063198	0.0780901778575027	0.247905950777094	0.615948643487603
1.94878134907117e-07	0.00327609632592355	0.00944340466132908	0.016359045034778	0.0294698613169241	0.0784743068769376	0.245145585659464	0.617831505246509
1.78127477641884e-07	0.00318634432005803	0.00934207369240627	0.016354596232212	0.0295704081808963	0.0795720380473167	0.251617887347552	0.610356474052081
1.84612748913369e-07	0.00342678184532996	0.00983376729636845	0.0176681785220051	0.031613825574921	0.0829036779290289	0.255438876195737	0.599114708023861
1.88100286796507e-07	0.00318134015058933	0.00931999301019334	0.0171491031472376	0.0313636537201628	0.0815544532460749	0.259064505795652	0.598366762829803
1.82489744076383e-07	0.00329138502416164	0.00937687051987678	0.0171783070791422	0.0312442515730616	0.0821734893498985	0.26234780355344	0.594387710410675
1.80322976483179e-07	0.00325591166338028	0.00965341022305051	0.0178088774804552	0.0322559937103346	0.0852024260653256	0.265905162736978	0.585918037797499
1.73908295025684e-07	0.00327417147044855	0.00975903788366126	0.0185165378962696	0.0330070987626947	0.0864830299416172	0.269860283814859	0.579099666322154
1.72010783700052e-07	0.00304046261268211	0.00918348373096206	0.0177855710130179	0.0325193267016296	0.0854176310021228	0.269965936704504	0.582087416224298
1.8055384530941e-07	0.00311473438543263	0.00933282826404339	0.0183926591139789	0.0330310621224393	0.0872212293766884	0.270246315166848	0.578660991016724
1.83630818319525e-07	0.00302329779281265	0.00897881249255147	0.0182510670327776	0.0332199168189119	0.0885133597847406	0.281056332609767	0.566957029837621
1.75891161363607e-07	0.00305751605798358	0.00895286011340759	0.0183202956941492	0.0342961380984829	0.0903172971016303	0.288655160804976	0.556400556238209
1.77754077234147e-07	0.00304670488379327	0.00899915566813314	0.019200639914678	0.0349242323245789	0.0921644225214416	0.287421765986757	0.55424290094654
1.71048179825004e-07	0.00315943092954765	0.00925627225123009	0.0189326388321104	0.035591534209807	0.0952774281743036	0.284472793589662	0.55330973096516
1.75773027804656e-07	0.00306987593060832	0.00920540923915766	0.0193197408050932	0.0365894407869007	0.0952573800502887	0.293978279726954	0.542579697687969
1.70099096331541e-07	0.0031570392279134	0.00947605055753381	0.0204110410643032	0.0374253732739619	0.100022691219451	0.292425861458368	0.537081773099372
1.73609362961276e-07	0.00301993486871139	0.00892907675582433	0.0193376525028047	0.0366039716961183	0.097675752570547	0.293393052639401	0.541040385357231
1.54975592119119e-07	0.00285589021157113	0.00890443259638823	0.0197353667784092	0.0373796478923552	0.103419241986483	0.308862945630378	0.518842319928823
1.63798875946594e-07	0.00315476635073139	0.00938993436251443	0.0209836188020143	0.0390792996222143	0.105357074997609	0.305984817809786	0.516050324256255
1.69586867735641e-07	0.00308071503928565	0.00928182844490708	0.0196195047283363	0.0405117588990285	0.106570253140622	0.308556352783421	0.512379417377532
1.56264796322902e-07	0.00306810301100385	0.00937135610028074	0.0198028125788161	0.0412093707622941	0.110594534419978	0.316862815447838	0.499090851414993
1.50653799827803e-07	0.00307680255388321	0.00935529966170689	0.0194738114733414	0.0411783537607331	0.112480989373634	0.325440681196221	0.48899391132668
1.63056646857458e-07	0.00293241073708453	0.00898425818519909	0.0187063476974282	0.0401094892772318	0.108731063823959	0.323144032175642	0.497392235046809
1.50928907051338e-07	0.00300363617922868	0.00924016954749702	0.0186403237364685	0.0406605494174446	0.109732710942768	0.322997973326636	0.49572448592105
1.59534745630622e-07	0.00301361134496246	0.00935671283123601	0.0190902467316516	0.0425281343512288	0.115541125106031	0.330883358244684	0.479586651855461
1.5460005506854e-07	0.00293647344597184	0.00907842443373478	0.0186177116316289	0.0413032599122212	0.114047687623786	0.335778024004132	0.47823826434847
1.62653066701583e-07	0.00322053072069134	0.00961133236446323	0.0193976794286974	0.043282631661558	0.116438450859662	0.335159818837014	0.472889393474847
1.50438920594727e-07	0.00294108089762692	0.00929080685808916	0.0184534397558316	0.0420839340860896	0.117877770182284	0.348381939145651	0.460970878635507
1.5205284262029e-07	0.00296670301236448	0.00931749409008614	0.0186752821834667	0.0426640509522994	0.119896859515794	0.347995130051557	0.45848432814159
1.44962684430587e-07	0.00299550891107366	0.0095497067622338	0.0196250482182129	0.0442027465499968	0.123442539038813	0.348732960904869	0.451451344652116
1.52624779915067e-07	0.00291208080077949	0.00948349332480262	0.0192455268729502	0.0435778850356898	0.122542741043367	0.352115440499535	0.450122679798096
1.43905887851839e-07	0.00282271399021382	0.00914881682018067	0.0184578008935404	0.0430185065849895	0.123606955029122	0.35474096508469	0.448204097691375
1.4453204210334e-07	0.00283239442909916	0.00914801107288881	0.0181899356268738	0.0429627276433863	0.125413921702079	0.364258324431364	0.437194540562267
1.44198581057123e-07	0.00290473621681468	0.00940333366931603	0.0189626902033359	0.044239547874001	0.128574376402421	0.365073171406979	0.430842000028551
1.44179287520749e-07	0.00292741625382129	0.00966779794541632	0.0189542416753403	0.0443309497132923	0.129445894487579	0.365714078919993	0.42895947682527
1.44625123003667e-07	0.00287370119408287	0.00950577545966203	0.0184611077011721	0.0440021936738657	0.131768961944502	0.372472459037826	0.420915656363766
1.42535602899231e-07	0.00283332271443092	0.00951396642231788	0.0184402585538822	0.0441422784686716	0.132525184972015	0.371331187032225	0.421213659300854
1.31250424102933e-07	0.00283002164450744	0.00941511792259979	0.0186605290468345	0.0444206560342448	0.134740766631102	0.369469681348908	0.420463096121379
1.33630706198193e-07	0.00286156794252811	0.00955566453882039	0.0185931091990042	0.0443906506612715	0.136021359532079	0.37415087708514	0.414426637410451
1.38674771190094e-07	0.00307788654656415	0.0101691596461408	0.0194948993339035	0.0457316113439846	0.139134200707047	0.37486522545675	0.407526878290839
1.28322559798954e-07	0.00320049296394572	0.0107239163223986	0.0216186299718897	0.0485484023712982	0.143506711654845	0.372975037925733	0.39942668046733
1.30362748688127e-07	0.00299469306286365	0.0101147153079631	0.0192354146571792	0.0465675292726293	0.142477358923715	0.371774092306994	0.406836066105907
1.30592237101176e-07	0.00300780040491429	0.0102842692639547	0.0194634670175593	0.0477134409317599	0.148142136068492	0.378545758801623	0.39284299691946
1.37377526218157e-07	0.00255948069097049	0.0092198179170792	0.0173974899202675	0.0426462428414288	0.138966572063923	0.387712349593933	0.401497909594872
1.2521722057339e-07	0.00244486623169543	0.00895015127492418	0.0172748425330843	0.0426640113937653	0.138164931615119	0.391613601695541	0.39888747003865
1.27328958055677e-07	0.00245706690360039	0.00914361980693619	0.0174151635801491	0.0427882597098199	0.139434376755946	0.39156048386532	0.39720090204927
1.26401220732429e-07	0.00258199773590133	0.00978080005905465	0.0185148716092241	0.0434714022294142	0.140703266055862	0.390412796050619	0.394534739858704
1.2950643543379e-07	0.00261693654081059	0.00964913598486536	0.0180555282153081	0.0433996786168298	0.139330405106491	0.391931800875049	0.395016385154211
1.21065038196625e-07	0.00255326165556682	0.00966123217816706	0.0189084219257017	0.0450583491111344	0.14439051804093	0.388681726431028	0.390746369592433
1.31001472194545e-07	0.00262893754400012	0.00999855636377642	0.0185149620711438	0.0443793687353458	0.14323792670782	0.389861560264214	0.391378557312227
1.27789272422832e-07	0.00210980088770096	0.00846386688038145	0.0163047610577016	0.0403955946948539	0.139337716760956	0.396199777058835	0.397188354870298
1.27531744245289e-07	0.00209585668492709	0.00839630744587712	0.0155882050991017	0.0390161691121941	0.136155823386389	0.399037390394437	0.39971012034533
1.21347986830831e-07	0.00197408904976396	0.00822071936785465	0.0154642233977606	0.0388024749650002	0.135262839132736	0.399915638879555	0.400359893859343
1.2211890962468e-07	0.00201532836553609	0.00849471347240235	0.0157032705886376	0.0387728759247454	0.134775435537091	0.399977652239539	0.400260601753139
1.25455371635193e-07	0.00202346968910403	0.00850662692909589	0.0158665917614461	0.0395775315451259	0.135959875357579	0.398937418093324	0.399128361168953
1.33072033089159e-07	0.00207445992382691	0.00873990498922982	0.0158539358781763	0.0402814367042209	0.138857206655678	0.397034782501081	0.397158140275755
1.15390096414195e-07	0.00203051952660059	0.00847159470844096	0.0154252326985532	0.0398617395864765	0.137833585556852	0.398154796968241	0.398222415564739
1.26385085751017e-07	0.00208105682197624	0.00885479187788774	0.015849953604035	0.0400667262698731	0.138898725861397	0.397100675578837	0.397147943600908
1.29353321353491e-07	0.00210056858545934	0.00909987680389674	0.0158895032884201	0.0402207336816904	0.141184493537767	0.39573773044941	0.395766964300036
1.23042667998152e-07	0.00211251956686028	0.00916557138185037	0.0159791821649161	0.0409071345306697	0.141314135067874	0.395251438922481	0.395269895322681
1.18908821310363e-07	0.00203916737665142	0.00914658544401446	0.0157876431141982	0.0401737020061702	0.140037848677823	0.396401819067148	0.396413115405173
1.24018071417295e-07	0.00203538458810064	0.00926179359151498	0.0156896502330734	0.0401656087718478	0.138829797722805	0.397005286022258	0.397012355052329
1.26442215717754e-07	0.00203723697964445	0.0093576090586238	0.0158553480821434	0.0404221855005929	0.14266184382338	0.394830485875709	0.394835164237691
1.14658347362738e-07	0.00206683136956071	0.00937779157245095	0.0160728071333086	0.0406243697373968	0.144512399898963	0.393671753560686	0.393673932069286
1.26466201717892e-07	0.00201043320870932	0.00938948314654486	0.0158493767302948	0.0402271282396373	0.141851953352689	0.395335243563155	0.395336255292769
1.22061670438372e-07	0.00213815428106897	0.00965825173510665	0.0168441443354841	0.0414473828757241	0.144120655519995	0.392895400472135	0.392895888718816
1.70792034396149e-07	0.00278049431996931	0.0161970625819588	0.0274461091354268	0.0830384039552702	0.340509786895947	0.530027972319393	0
1.91155356354683e-07	0.00312940433888251	0.0157554067814657	0.0267080352345199	0.0718984995642614	0.297917916743049	0.584590546182465	0
1.95085560625179e-07	0.00343487146592753	0.01631071355275	0.027274522059885	0.0694728944220356	0.259893374035985	0.623613429377857	0
2.08911626830353e-07	0.0035590184746819	0.0167371638951406	0.0281938775105171	0.0683387535454914	0.244173193588168	0.638997784074374	0
2.04773726056576e-07	0.00330054291657989	0.0162559622430013	0.0269580514878961	0.0657987127514033	0.23838487590405	0.649301649923343	0
1.90955251737263e-07	0.00319697282458526	0.0158573060147658	0.026780137369389	0.0658723055497898	0.239791866413816	0.648501220872402	0
2.16078346551206e-07	0.00325716499591288	0.0164027233650486	0.0268557294578097	0.0661204062013621	0.233732595699479	0.653631164202041	0
2.16184618204993e-07	0.00332902693573869	0.0164585673531825	0.0282605180302295	0.0677559344839543	0.234428005766076	0.649767731246201	0
2.15691421499215e-07	0.00327807822394507	0.0168355782136997	0.0278140558765883	0.0678384031242471	0.237243092643995	0.646990576226103	0
2.17503365864587e-07	0.00319033937050176	0.016120044457688	0.0265471558172363	0.0659533281277528	0.235330811744312	0.652858102979144	0
2.35786884496022e-07	0.00325857474373502	0.0167538370778648	0.0271635922414797	0.0667300461812192	0.235355866071163	0.650737847897653	0
2.27273037190505e-07	0.00325636807686556	0.0164902497594315	0.0270568550775297	0.0665980453609709	0.236181003883187	0.650417250568978	0
2.09352575068076e-07	0.00324329009295464	0.0164997044988403	0.0267039677128085	0.0666065685207838	0.238857889587871	0.648088370234167	0
2.17316235761169e-07	0.00357115770226328	0.0190297308168982	0.0292981402728492	0.0687084396281371	0.237045724857218	0.642346589406399	0
2.20289839747953e-07	0.00335104904224586	0.0177573436922428	0.0278038821237879	0.0674908590730997	0.238674128324119	0.644922517454665	0
2.1814699398896e-07	0.00320065269580601	0.0170484057272312	0.0267463484920044	0.0662569138962907	0.234390873602359	0.652356587439314	0
2.24458628234561e-07	0.00317025366518494	0.0173324708136446	0.0270618545130999	0.0671337800359313	0.237735131636007	0.647566284877504	0
2.09723626205387e-07	0.00331300412316649	0.0183644493286747	0.0306146160589575	0.0710719813429862	0.238052883909584	0.638582855513005	0
2.09793187973228e-07	0.00321109453511823	0.0171902440293383	0.0281204691227435	0.0669978741656263	0.240695724561684	0.643784383792301	0
2.21251469109755e-07	0.0033931125302672	0.0178036632163238	0.0294350741988927	0.070351772135767	0.237283129309979	0.641733027357302	0
